codigos(primer presionada):

C贸digo recibido: B2BF40
Protocolo: 15
Datos en bruto:
1 2201 2209 267 839 254 282 267 841 254 839 254 263 286 281 267 839 255 282 267 282 268 840 255 281 267 281 268 839 254 839 254 282 267 842 254 842 254 281 267 841 254 839 253 840 254 839 255 839 254 840 254 282 267 839 254 281 268 281 268 282 267 282 267 281 267 282 268 283 267 839 254 281 268 282 267 282 266 281 267 281 267 283 266 842 255 281 267 841 254 839 254 839 255 839 254 839 254 840 254

1, 2201, 2209, 267, 839, 254, 282, 267, 841, 254, 839, 254, 263, 286, 281, 267, 839, 255, 282, 267, 282, 268, 840, 255, 281, 267, 281, 268, 839, 254, 839, 254, 282, 267, 842, 254, 842, 254, 281, 267, 841, 254, 839, 253, 840, 254, 839, 255, 839, 254, 840, 254, 282, 267, 839, 254, 281, 268, 281, 268, 282, 267, 282, 267, 281, 267, 282, 268, 283, 267, 839, 254, 281, 268, 282, 267, 282, 266, 281, 267, 281, 267, 283, 266, 842, 255, 281, 267, 841, 254, 839, 254, 839, 255, 839, 254, 839, 254, 840, 254 

C贸digo recibido: 728767D0
Protocolo: DESCONOCIDO
Datos en bruto:
1 255 838 255 838 255 839 254 840 255 296 254 838 255 295 254 295 254 294 254 295 254 294 254 284 266 295 254 838 255 282 266 283 265 282 266 283 265 282 266 284 266 841 255 282 267 830 266 827 266 827 267 826 267 827 266 829 266 
1, 255, 838, 255, 838, 255, 839, 254, 840, 255, 296, 254, 838, 255, 295, 254, 295, 254, 294, 254, 295, 254, 294, 254, 284, 266, 295, 254, 838, 255, 282, 266, 283, 265, 282, 266, 283, 265, 282, 266, 284, 266, 841, 255, 282, 267, 830, 266, 827, 266, 827, 267, 826, 267, 827, 266, 829, 266

codigos(segunda precionada):

C贸digo recibido: B27BE0
Protocolo: 15
Datos en bruto:
1 2200 2216 268 839 254 295 254 842 253 840 254 294 254 294 254 840 254 296 253 296 253 842 254 294 254 295 254 840 254 840 254 295 253 843 253 296 254 839 254 840 254 840 253 840 254 294 254 842 254 840 254 843 253 295 253 295 254 295 254 295 254 840 254 295 254 296 254 842 254 840 253 840 254 294 254 295 254 295 253 295 254 296 254 296 254 295 253 295 254 841 254 840 254 840 254 839 254 840 240 
1, 2200, 2216, 268, 839, 254, 295, 254, 842, 253, 840, 254, 294, 254, 294, 254, 840, 254, 296, 253, 296, 253, 842, 254, 294, 254, 295, 254, 840, 254, 840, 254, 295, 253, 843, 253, 296, 254, 839, 254, 840, 254, 840, 253, 840, 254, 294, 254, 842, 254, 840, 254, 843, 253, 295, 253, 295, 254, 295, 254, 295, 254, 840, 254, 295, 254, 296, 254, 842, 254, 840, 253, 840, 254, 294, 254, 295, 254, 295, 253, 295, 254, 296, 254, 296, 254, 295, 253, 295, 254, 841, 254, 840, 254, 840, 254, 839, 254, 840, 240

C贸digo recibido: DAE30088
Protocolo: DESCONOCIDO
Datos en bruto:
1 254 840 254 294 254 842 254 841 254 842 254 294 254 294 254 295 253 295 254 839 254 294 254 295 254 842 254 839 254 839 254 294 254 294 254 295 254 295 254 296 254 295 254 294 254 284 265 830 265 840 254 840 253 827 266 828 265 
1, 254, 840, 254, 294, 254, 842, 254, 841, 254, 842, 254, 294, 254, 294, 254, 295, 253, 295, 254, 839, 254, 294, 254, 295, 254, 842, 254, 839, 254, 839, 254, 294, 254, 294, 254, 295, 254, 295, 254, 296, 254, 295, 254, 294, 254, 284, 265, 830, 265, 840, 254, 840, 253, 827, 266, 828, 265